intrinsic: [1.0329180994368476e+03 0.0000000000000000e+00 9.8492525031711864e+02
            0.0000000000000000e+00 1.0303821972228279e+03 5.8598411105174750e+02
            0.0000000000000000e+00 0.0000000000000000e+00 1.0000000000000000e+00]

dist: [-1.4969168617434800e-01 7.4181710817879137e-02 1.6074527128387292e-04 1.4418952850272905e-04 -2.4409073870486547e-02]
