intrinsic: [1.4013103100941660e+03 0.0000000000000000e+00 1.0159140597134168e+03
            0.0000000000000000e+00 1.3960898458767542e+03 5.9893145212702859e+02
            0.0000000000000000e+00 0.0000000000000000e+00 1.0000000000000000e+00]

dist: [-2.0232937998377637e-01 1.4524755809605608e-01 -1.3144795400742237e-03 8.6127186770880628e-03 -5.7951505510463422e-02]
