
width: 640

height: 512

intrinsic: [5.0640790081811531e+02, 0.0000000000000000e+00, 3.2873021894218374e+02,
            0.0000000000000000e+00, 5.0616047137164196e+02, 2.6606656491425667e+02,
            0.0000000000000000e+00, 0.0000000000000000e+00, 1.0000000000000000e+00]

dist: [-2.9218591630293017e-01, 1.0967035799564277e-01, -1.7002587844859012e-03, -3.0185250977213937e-03, -2.9409489363612488e-02]
